Group	Trusted th	Noise th	ROC th	Sensitivity	Specificity	AUC	Average	SD	x0	k
ECF243	75.3	125.1	94.8	0.9889015831565203	0.990406894028698	0.9994101392747592	70.9394842487376	25.20096887656137	1.2899366795631226	6.953349364567408
ECF41	82.5	119.1	110.8	0.9939952290861233	0.9991957888580202	0.9998906472292164	59.611733784812834	36.744936785907484	1.4978082612462256	16.830358380454978
ECF42	73.5	87.2	82.2	0.9998057120652808	0.9998799663905894	0.9999997391925656	51.15412726694712	36.50280997435505	0.9929639713736645	1911.8244763178839
ECF39	96.1	136.3	112.7	0.9945513984743916	0.993179348454371	0.9998479794836879	63.300199617031026	25.45829065176516	2.5334296106073357	7.495114068152529
ECF26	63.6	152.4	115.0	0.9913064477179425	0.9544837474641163	0.9967689485972436	70.18066302427196	27.968633169350333	2.71473930157647	12.90544856276344
ECF240	62.4	126.9	97.6	0.9773832684824902	0.979137913943895	0.995858423927064	67.08561944122016	20.777671961786616	2.10248858973019	4.90998506487984
ECF56	140.5	199.0	140.5	1.0	0.9995139474303768	0.9999656708853558	61.5027665441856	30.408006298460514	2.325113520256671	35.10119482797438
ECF19	97.3	153.9	118.6	0.9940968122786304	0.9753698690386817	0.9986075720380629	65.14508757273083	25.366604958289116	2.994162966870724	5.533170547286487
ECF12	122.5	149.4	136.8	0.9978314745972738	0.9992047322219781	0.9999762081333889	65.76950886817141	34.16903389774413	2.324640749923979	12.985883594737524
ECF218	66.8	121.9	109.3	0.989134013829437	0.9975268865998094	0.9993251115515719	69.82596278251356	20.150157878455524	2.228016396055279	9.485484526377025
ECF30	97.2	147.2	116.7	0.9887323943661972	0.9922745225383064	0.9991661338757288	63.614438965244446	27.34213776948865	2.5951720457442966	5.986183243939921
ECF18	98.7	144.7	130.6	0.9883227176220807	0.9969342988530049	0.9998376657808605	59.13685226121737	24.482713025620697	3.3044055976692164	13.533488297905011
ECF21	105.0	155.5	105.0	1.0	0.9917687105568358	0.9998475560818486	56.89403884399561	24.94696038160117	3.3498578908675496	5.06308602625413
ECF17	103.6	124.4	110.7	0.9991408934707904	0.9993680932212953	0.9999970238803839	59.678043605231444	22.63239536201818	2.7061929504698883	14.625967122999294
ECF02	153.1	149.8	153.1	1.0	1.0	1.0	53.95094300564104	31.89413656978219	3.0565754579695987	502.2048808633088
ECF293	62.4	118.2	108.7	0.9935394554683895	0.9975956481231029	0.9994372566999707	64.43547638234794	20.002256531515343	2.7103932268123434	412.03249020089993
ECF15	118.4	162.2	146.4	0.9905123339658444	0.9991137881052339	0.9998363612572262	60.84395271294331	29.73140820784571	3.02273534723893	23.592698463970276
ECF14	105.3	152.3	140.2	0.976926853215513	0.9971025806548468	0.9993660170159608	73.90841274887438	27.719725386736904	2.789601551840401	10.77200817349889
ECF22	91.0	130.2	102.6	0.9964102564102564	0.9921835735021641	0.9998372452972668	56.71321021152013	24.17716448433137	2.656332846863525	8.55333861298641
ECF235	88.7	140.7	108.0	0.9417989417989417	0.9631773500588593	0.9935224311623625	71.60244567829128	21.668496272275426	2.572089903491352	5.46372676165763
ECF265	119.4	138.2	120.8	0.9994385176866929	0.9944485233521629	0.9999457459795931	68.685647535469	24.560174312858702	2.688350475637977	25.38592003219151
ECF16	116.1	98.6	116.1	1.0	1.0	1.0	48.886046030208696	19.92031876816616	2.9356297126430024	53.98335872570013
ECF27	125.4	137.3	125.4	1.0	0.9996257064790208	0.9999991078666973	60.45605689824707	27.963807786334733	2.5391643321741544	12.7875869682015
ECF40	132.6	107.4	132.6	1.0	1.0	1.0	35.674665641473034	22.611459495332237	3.7321795160118763	44.82133762109827
ECF11	125.7	139.6	136.2	0.9993757802746567	0.9999700726486455	0.9999994068705335	51.32308312201036	25.9818763093258	3.4495953796404684	205.14673092338225
ECF38	121.9	145.9	127.2	0.9993288590604027	0.997570438591901	0.9999891202810254	55.926124694105376	21.636769733303108	4.000412501651766	18.5598427205582
ECF36	152.5	116.8	152.5	1.0	1.0	1.0	55.46896472693129	24.26361908038198	3.2754952583208836	33.514854610735675
ECF52	100.7	82.5	100.7	1.0	1.0	1.0	40.67267390709676	18.857416548810814	2.703262312313745	49.42219504524899
ECF03	82.6	140.9	138.8	0.9698608964451314	0.9999328182734296	0.9978575138227008	64.1530582068476	28.111201386087824	2.7389018929607714	1011.6995740022446
ECF37	156.6	92.4	156.6	1.0	1.0	1.0	39.56582408564311	20.732132462090327	4.116767713713471	15.253355514940923
ECF23	100.6	104.7	100.6	1.0	0.9999403474759526	0.9999998507388976	47.91990773257232	16.79076272698847	3.2610510611485806	12.075707430615962
ECF214	130.5	137.2	130.5	1.0	0.9999180266785901	0.9999996514443346	48.98856194412202	25.911816237644082	3.2811127744482524	20.552882439701936
ECF228	145.9	120.0	145.9	1.0	1.0	1.0	44.26260803347652	22.608556250057305	3.9294804242251065	44.419256222057626
ECF35	97.3	125.8	118.6	0.9980525803310614	0.9995455629060135	0.9999818833041929	61.91068616506111	19.67213125820812	3.260426050512758	812.759639918105
ECF120	103.6	120.4	109.0	0.9990176817288802	0.9978993005117661	0.9999779045893606	66.31544222565597	18.70914125086292	2.7001721395640215	13.490850545630604
ECF123	138.5	102.1	138.5	1.0	1.0	0.9999999999999999	34.93180195033232	20.471934148645403	4.175256855343222	26.104156855681264
ECF290	73.3	132.8	128.1	0.976530612244898	0.9999031866486942	0.9981737498729039	69.53743780450839	19.765464423663555	3.162182406082226	23.94872503075109
ECF121	186.0	108.4	186.0	1.0	1.0	1.0	41.14148559430426	20.85624294822493	5.077944743369501	12.674808123007756
ECF207	113.8	145.3	138.2	0.9988372093023256	0.9998511893689686	0.9999748103399856	57.652227208540644	24.805066305408296	3.523780208884082	10.734568565043766
ECF241	123.6	106.0	123.6	1.0	1.0	1.0	46.255559334314164	19.073832847625894	3.5955304911119845	53.36441581800951
ECF238	99.0	106.0	101.3	0.9987995198079231	0.9993007305134424	0.9999948158931196	58.38603937630767	19.083037034442626	2.504709765120366	60.98917778876216
ECF116	127.3	139.9	127.3	1.0	0.9993007773273329	0.9999990250458499	60.559668487864016	21.447955346442246	3.7459213954931414	19.46236024631708
ECF51	112.7	120.5	112.7	1.0	0.9998141236300911	0.9999997557472142	60.13048373860519	18.178459565564218	3.394156876698978	158.2931091000423
ECF29	141.7	155.4	141.7	1.0	0.999933088486759	0.9999987855812116	59.90271035568797	24.886688743292105	3.347170833179276	20.552323850625616
ECF275	135.5	151.9	135.5	1.0	0.999204679753525	0.9999954342230911	54.90241240878611	25.205776584972483	3.6451412273253974	9.033098537484621
ECF248	133.4	146.5	138.3	0.9985855728429985	0.9985804744634045	0.9999816616016455	54.23762041712566	25.702949604385125	3.552325050768762	13.348373382057213
ECF114	111.3	147.8	135.7	0.9985443959243085	0.9997622090776684	0.9999645649990194	46.97454808922142	27.145816247629202	3.647779974570235	9.976543225498506
ECF245	183.5	156.6	183.5	1.0	1.0	1.0	59.57307314115881	27.044876501889554	4.0865761712386615	50.937331281057304
ECF28	145.3	110.9	145.3	1.0	1.0	1.0	46.61928522316445	21.421773650749437	3.803720085440753	29.33043828026825
ECF118	143.0	103.5	143.0	1.0	1.0	1.0	45.787580124058294	19.411803445247433	3.982779723268158	22.116703572076364
ECF102	119.3	123.2	119.3	1.0	0.9998440945232633	0.9999973315619131	48.051609874389136	23.334854252399452	3.0925486246547287	46.5769129057812
ECF122	127.3	90.0	127.3	1.0	1.0	1.0	46.869340302678566	15.839061789866676	3.8974884723780403	19.65245984227746
ECF25	89.8	178.5	111.2	0.9552238805970149	0.8850604573829265	0.9779430508657841	80.72589550418088	25.568182747809892	3.251892787022098	7.6037129789189555
ECF115	107.2	121.5	107.2	1.0	0.9994358795454377	0.9999973065242436	49.73609519514413	18.66384323558942	3.500907571339887	13.108031992530488
ECF105	118.9	133.8	118.9	1.0	0.9966971469287178	0.9999894301378164	55.86431438943065	22.11097932105928	3.463902327488765	17.97257431175339
ECF33	143.5	125.9	143.5	1.0	1.0	1.0	54.85036707354039	22.73759224054629	3.514940207636077	62.172826693604215
ECF250	143.2	130.5	143.2	1.0	1.0	1.0	50.85262274599102	22.013864988176746	3.9064066003671774	83.21770958885963
ECF249	111.0	155.2	133.5	0.993421052631579	0.9936203200225514	0.9995653094684889	70.26830968734059	24.968259196370497	2.974890789743248	10.809879672330268
ECF272	150.0	140.8	150.0	1.0	1.0	0.9999999999999999	62.54343149069562	22.800252326675952	3.633231814315972	123.44570144476303
ECF261	124.2	110.9	124.2	1.0	1.0	1.0	43.60591827530885	23.04390514860478	3.20815440686728	83.21335978023218
ECF286	141.8	152.6	141.8	1.0	0.9994883165614873	0.9999839658052937	71.20279315978975	23.65173047883898	3.292609581067854	7.590132562230514
ECF251	136.8	138.5	136.8	1.0	0.9999851695857865	0.9999999630164234	50.85922859107342	26.391353428606774	3.341500411762175	532.0633936678574
ECF292	114.5	157.0	114.5	1.0	0.9969525758519441	0.9998724811688565	65.87748689551158	18.738214160892984	4.467894023748379	8.980899764864109
ECF291	129.1	127.0	129.1	1.0	1.0	1.0	63.521438129810214	19.638670620217667	3.285187923766775	503.24776535083464
ECF227	115.4	135.5	115.4	1.0	0.9935049528441782	0.9999131533728678	64.20826118779526	20.13019123343568	3.390949440190294	15.470819147160764
ECF255	152.4	89.7	152.4	1.0	1.0	1.0	34.7490037631507	19.46360524322055	4.454386674961202	14.733528380943444
ECF281	138.4	170.9	143.2	0.9943502824858758	0.982965790741633	0.999354641066731	78.59298383102048	27.622863320612336	2.786094733124639	15.896695200766121
ECF289	141.6	116.3	141.6	1.0	1.0	1.0	50.23008967979949	20.80864046901999	3.7866359656508264	41.16638337959249
ECF31	157.0	114.5	157.0	1.0	1.0	1.0	52.30992540237618	21.65955482929858	3.85228919618671	24.756557670724433
ECF239	136.7	122.1	136.7	1.0	1.0	1.0	44.465345004768636	18.33345194184026	4.63335634108318	60.65867404339247
ECF294	156.7	123.9	156.7	1.0	1.0	1.0	51.412488632919064	19.437663209590742	4.5726034328135885	27.347390349627247
ECF103	141.0	94.8	141.0	1.0	1.0	1.0	39.322826577159375	15.306067546751681	5.145116564697614	16.632405069140706
ECF283	138.0	110.5	138.0	1.0	1.0	1.0	41.208154725378726	20.193444518995943	4.110464806402699	35.110134198547655
ECF57	152.3	98.6	152.3	1.0	1.0	1.0	46.03057319660799	17.209610654697723	4.632018845112759	15.391589711761744
ECF32	160.1	101.0	160.1	1.0	1.0	1.0	39.46854331319912	23.363473109119994	3.911921643278971	19.27160927110604
ECF106	113.3	109.5	113.3	1.0	1.0	1.0	52.4050931915806	15.725564357144469	3.7515998601335503	213.25512807664578
ECF125	176.9	94.4	176.9	1.0	1.0	1.0	36.175427882802616	14.496848503096102	6.882511634563869	8.391831283862604
ECF204	161.7	107.3	161.7	1.0	1.0	1.0	49.646558084859414	22.79794172857424	3.7546466527712683	19.518063721522925
ECF221	156.1	82.2	156.1	1.0	1.0	1.0	28.867639121980798	15.181903136895532	5.983512690783359	9.800498415159407
ECF252	134.6	143.5	134.6	1.0	0.9998222485557695	0.9999992562701079	53.90160802608328	25.791102377762776	3.4991565425604803	416.6011379589939
ECF246	127.5	150.5	127.5	1.0	0.9946752967837015	0.9996661910124082	57.5118247214603	26.533978782178327	3.4556332386271467	43.394553467347535
ECF263	148.7	120.4	148.7	1.0	1.0	1.0	49.4567681263354	16.855277146252032	5.04996923785667	28.553055748120155
ECF127	163.7	84.8	163.7	1.0	1.0	0.9999999999999999	25.317877553434524	16.888191086117452	5.906576546522544	10.28876427680565
ECF285	145.8	139.6	145.8	1.0	1.0	1.0	43.71896731455947	18.005497580643347	5.4972602965805795	144.56024865834547
ECF128	174.0	93.2	174.0	1.0	1.0	1.0	36.314489978485724	14.994073296418602	6.511067439308858	8.838648112537063
ECF284	186.1	139.0	186.1	1.0	1.0	1.0	38.33017174457892	19.03146971372321	6.5221142201032	19.07804997461618
ECF232	133.4	122.9	133.4	1.0	1.0	1.0	43.72249757871935	18.926256559750097	4.464689251788188	91.74522705968342
ECF244	156.6	152.5	156.6	1.0	1.0	1.0	63.31870115851811	23.23625111817318	3.9268468706629043	293.5582541753984
ECF259	151.8	123.8	151.8	1.0	1.0	1.0	51.00889256907117	18.790085555436892	4.628197157347821	34.089858064587155
ECF132	139.5	109.1	139.5	1.0	1.0	1.0	38.51781988629222	15.451488710813248	5.5544025058585795	23.855359908759112
ECF111	104.6	152.5	130.5	0.9943502824858758	0.9953287632697176	0.9993143524372766	67.71295514531381	23.99600639813749	3.3365984742955885	5.572190819081191
ECF54	128.7	74.0	128.7	1.0	1.0	1.0	29.981439312725954	13.89960479824166	5.158950674676923	12.032433542575632
ECF264	162.0	104.9	162.0	1.0	1.0	1.0	38.7062177008554	17.93854115108308	5.285079323345028	15.545288516876298
ECF212	174.9	106.7	174.9	1.0	1.0	1.0	38.24455378200342	20.920813065239166	4.985289948253349	14.697619481432135
ECF279	197.3	113.0	197.3	1.0	1.0	1.0	45.35516749347548	21.840343816926012	5.052886472514645	12.854158245245708
ECF242	116.0	121.2	116.0	1.0	0.9996817455148321	0.999992598732903	54.89924884850546	16.49492018419169	4.002849399574545	13.493168545153873
ECF210	122.4	116.6	122.4	1.0	1.0	1.0	51.88386502931412	16.779239210251813	4.028636418279875	146.4391922370882
ECF276	150.2	169.4	150.2	1.0	0.9977871521610421	0.9999331263230978	69.77260884673107	28.150064587678948	3.329297482027627	9.781704838905055
ECF205	148.9	105.5	148.9	1.0	1.0	1.0	44.990232812603956	19.54374449844595	4.221152013969155	22.659826995711143
ECF237	117.3	103.8	117.3	1.0	1.0	1.0	57.90715294361188	12.906933450059636	4.07935359362847	47.58368796996904
ECF53	137.0	69.4	137.0	1.0	1.0	1.0	18.662523750730085	14.294822157715807	5.926972995146393	10.271661158739377
ECF130	129.7	98.4	129.7	1.0	1.0	1.0	43.77781145801758	12.997898416643336	5.411774519904333	19.671692941468894
ECF282	145.5	101.3	145.5	1.0	1.0	1.0	38.94397267464642	17.10423677005249	4.957443903230844	18.519433985077182
ECF223	134.9	117.7	134.9	1.0	1.0	1.0	55.31557160706495	18.510736994473085	3.8385006717933345	51.703067186006336
ECF266	155.8	114.4	155.8	1.0	1.0	1.0	42.22164292209761	20.525834828441088	4.536008836521529	23.773314469876485
ECF229	176.5	99.9	176.5	1.0	1.0	1.0	36.637048920959046	18.196961899470057	5.554957120789453	10.91204401220437
ECF48	130.4	95.4	130.4	1.0	1.0	1.0	42.80388587820404	14.82496707598422	4.718427850758313	19.86315005829624
ECF213	119.2	118.7	119.2	1.0	1.0	1.0	68.52394886846717	15.811430021939158	3.1891939933712057	1655.0270743243543
ECF107	262.1	109.8	262.1	1.0	1.0	1.0	28.53387353152101	20.801774228918863	7.576132317412953	6.437162013437104
ECF231	159.3	126.9	159.3	1.0	1.0	1.0	51.47951707464938	21.102998718688504	4.340792857305595	30.10537401123316
ECF219	162.9	76.5	162.9	1.0	1.0	1.0	29.040512646108574	15.21974421691425	5.969421694565957	8.26688510908924
ECF277	137.5	144.8	137.5	1.0	0.9991714382943465	0.9999577450936876	67.762764769812	22.849702104702438	3.3660789059193963	41.43583346159162
ECF208	174.1	89.2	174.1	1.0	1.0	1.0	31.694925291477833	19.985481758499954	4.998343015712216	10.9948120750895
ECF258	165.8	109.0	165.8	1.0	1.0	1.0	41.598771246275675	19.10231542607492	5.03483532576474	16.145281522875553
ECF256	173.9	122.4	173.9	1.0	1.0	1.0	41.91724691148094	22.35115462608836	4.760213609988929	20.709917150397192
ECF288	184.0	147.6	184.0	1.0	1.0	1.0	25.006993989309404	18.695265791354316	7.535237893934395	24.650855043104247
ECF257	224.5	117.8	224.5	1.0	1.0	1.0	33.7886809750183	19.31494693757787	7.172844390255041	8.93393823649385
ECF262	138.2	129.7	138.2	1.0	1.0	1.0	56.951208422360075	20.87440442142739	3.6922949980325424	124.70814245960422
ECF225	172.8	123.9	172.8	1.0	1.0	1.0	51.101626509141724	22.33977757038666	4.371593513024077	21.856088054620564
ECF43	149.3	54.3	149.3	1.0	1.0	1.0	14.456943345729306	11.826739464628925	7.414773319200995	5.955951675182481
ECF201	153.7	64.5	153.7	1.0	1.0	1.0	15.275629717800664	13.13221051753956	7.234173730930685	7.118628733933783
ECF295	203.9	203.6	203.9	1.0	1.0	0.9999999999999999	51.93647520682543	27.17927160735998	5.585727336891755	5125.440752601903
ECF273	173.0	130.3	173.0	1.0	1.0	1.0	46.27214381298102	19.2963662742877	5.462385111012486	22.1415005167263
ECF203	171.1	118.9	171.1	1.0	1.0	1.0	52.43439549309103	19.027219898075383	4.869390449845055	17.518125670403748
ECF46	129.4	86.9	129.4	1.0	1.0	1.0	37.426094381889556	15.989335022365431	4.451092487595238	17.878554074533128
ECF270	164.0	165.5	164.0	1.0	0.9999926034408793	0.9999998787449323	65.19909950539336	24.715439136522736	3.973953976508139	9.550234876831704
ECF131	139.0	84.7	139.0	1.0	1.0	1.0	35.91363532186398	11.54903010755441	6.5527240787264684	9.983741992190469
ECF220	140.1	94.9	140.1	1.0	1.0	1.0	36.950860201539264	12.156058918298173	6.640849425399853	12.835045845623103
ECF287	206.6	141.1	206.6	1.0	1.0	1.0	28.127496137040787	19.747481142544377	7.414494791349038	14.265952203424687
ECF62	125.2	69.2	125.2	1.0	1.0	1.0	29.064142866648428	12.73952146970889	5.359738619800974	11.002569227953883
ECF215	138.3	101.0	138.3	1.0	1.0	1.0	43.67883541945453	18.12780242487778	4.1931518251951845	22.982000422710787
ECF206	164.2	162.0	164.2	1.0	1.0	1.0	61.34500107201738	28.28605054945479	3.5973601608692607	675.2207418636278
ECF222	157.8	117.6	157.8	1.0	1.0	1.0	47.57330380972801	17.25879545888445	5.242372781068469	21.41833760593758
ECF216	156.5	77.9	156.5	1.0	1.0	1.0	29.674763971343868	15.910149100179625	5.523228127140122	9.46422577424862
ECF230	191.0	107.4	191.0	1.0	1.0	1.0	31.373464242675166	19.77272482959673	5.947483118370666	11.284266261478088
ECF280	167.4	95.8	167.4	1.0	1.0	1.0	36.34690556635788	18.114212997856047	5.289950133189825	12.150095012726625
ECF234	178.8	86.7	178.8	1.0	1.0	1.0	25.765767157823134	13.528426574998436	7.985500484538978	6.9298595816803505
ECF247	177.3	165.9	177.3	1.0	1.0	1.0	60.57542122890158	21.52804490753818	5.160992542981393	100.60092082270744
ECF59	165.3	79.1	165.3	1.0	1.0	1.0	30.217408823072773	12.508334874864602	7.417495421136244	6.948956308320251
ECF271	175.8	160.9	175.8	1.0	1.0	1.0	60.968937372004824	24.077962768040443	4.4594863974300765	78.30195013140589
ECF226	144.4	112.8	144.4	1.0	1.0	1.0	55.803081495501225	16.064415136915517	4.535867389475088	23.558158684189145
ECF274	186.3	153.6	186.3	1.0	1.0	1.0	45.4871564923591	20.163093052517443	6.17824819966486	29.08092172534302
ECF209	172.0	116.6	172.0	1.0	1.0	1.0	53.9102004302856	17.570466601584307	5.153667185367835	14.829520821701946
ECF269	155.1	141.1	155.1	1.0	1.0	1.0	36.80412837593062	24.729573870069	4.503829289176584	88.68841116751905
ECF202	180.0	99.3	180.0	1.0	1.0	1.0	33.006446890779905	17.850293276782303	6.024788674351835	10.47202620482847
ECF211	178.5	118.6	178.5	1.0	1.0	1.0	51.85257986529547	20.28400161418801	4.770247655321703	16.15099703776053
ECF268	182.0	151.7	182.0	1.0	1.0	1.0	55.816680590570684	27.08536762085961	4.096792745831756	41.916615547731475
ECF260	153.9	120.2	153.9	1.0	1.0	1.0	45.69805558225331	22.127751171790404	4.1394765185757825	31.307985601386527
ECF254	143.4	73.6	143.4	1.0	1.0	0.9999999999999999	22.68537398620424	13.683874168924294	6.359157489508673	9.339403320868906
ECF217	196.8	76.9	196.8	1.0	1.0	1.0	28.58774868955115	15.428390080974545	7.103392761684618	6.132809038663799
ECF267	175.5	96.1	175.5	1.0	1.0	1.0	42.742784583650625	13.403752337048443	7.024745513234187	7.947586209470074
ECF58	185.8	62.8	185.8	1.0	1.0	0.9999999999999999	18.72994477262142	12.983905865426083	8.25066832505595	5.079852340069776
ECF253	205.3	131.9	205.3	1.0	1.0	1.0	44.77771608543609	24.636104138053	5.033101490768633	16.029405960990083
ECF224	162.4	132.5	162.4	1.0	1.0	1.0	54.124600950768524	22.71057668175173	4.109990324443488	35.11443604194305
ECF233	167.1	115.6	167.1	1.0	1.0	1.0	40.58800153779046	18.045765363320157	5.594309542354649	16.436288150247247
ECF278	176.2	159.0	176.2	1.0	1.0	1.0	60.716546033905324	24.181288193332566	4.426263417158306	70.72501790315457
ECF61	166.6	62.8	166.6	1.0	1.0	1.0	18.867718229470867	12.028541268465796	8.008121548955911	5.6058613141278375
